{
    "w": 640,
    "h": 400,
    "fl_x": 705,
    "fl_y": 705,
    "cx": 320,
    "cy": 200,
    "k1": 0,
    "k2": 0,
    "p1": 0,
    "p2": 0,
    "applied_transform": [
        [
            1,
            0,
            0,
            0
        ],
        [
            0,
            1,
            0,
            0
        ],
        [
            0,
            0,
            1,
            0
        ]
    ],
    "ply_file_path": "sparse_pc.ply",
    "camera_model": "OPENCV",
    "frames": [
        {
            "file_path": "../images/img_0000.png",
            "colmap_im_id": 1,
            "original_fn": "frog_sampled/images/img_0000.png",
            "transform_matrix": [
                [
                    -1.0,
                    0.0,
                    -1.0715659492539341e-16,
                    -2.4492935982947064e-16
                ],
                [
                    0.0,
                    1.0,
                    -0.0,
                    1.142857142857143
                ],
                [
                    1.0715659492539341e-16,
                    -0.0,
                    -1.0,
                    -3.5428571428571427
                ],
                [
                    0.0,
                    0.0,
                    0.0,
                    1.0
                ]
            ]
        },
        {
            "file_path": "../images/img_0001.png",
            "colmap_im_id": 2,
            "original_fn": "frog_sampled/images/img_0001.png",
            "transform_matrix": [
                [
                    -1.0,
                    0.0,
                    -7.793206903664976e-17,
                    -2.4492935982947064e-16
                ],
                [
                    0.0,
                    1.0,
                    -0.0,
                    1.142857142857143
                ],
                [
                    7.793206903664976e-17,
                    -0.0,
                    -1.0,
                    -3.5428571428571427
                ],
                [
                    0.0,
                    0.0,
                    0.0,
                    1.0
                ]
            ]
        },
        {
            "file_path": "../images/img_0002.png",
            "colmap_im_id": 3,
            "original_fn": "frog_sampled/images/img_0002.png",
            "transform_matrix": [
                [
                    -1.0,
                    0.0,
                    -6.123233995736766e-17,
                    -2.4492935982947064e-16
                ],
                [
                    0.0,
                    1.0,
                    -0.0,
                    1.142857142857143
                ],
                [
                    6.123233995736766e-17,
                    -0.0,
                    -1.0,
                    -3.5428571428571427
                ],
                [
                    0.0,
                    0.0,
                    0.0,
                    1.0
                ]
            ]
        },
        {
            "file_path": "../images/img_0003.png",
            "colmap_im_id": 4,
            "original_fn": "frog_sampled/images/img_0003.png",
            "transform_matrix": [
                [
                    -1.0,
                    0.0,
                    -5.042663290606749e-17,
                    -2.4492935982947064e-16
                ],
                [
                    0.0,
                    1.0,
                    -0.0,
                    1.142857142857143
                ],
                [
                    5.042663290606749e-17,
                    -0.0,
                    -1.0,
                    -3.5428571428571427
                ],
                [
                    0.0,
                    0.0,
                    0.0,
                    1.0
                ]
            ]
        },
        {
            "file_path": "../images/img_0004.png",
            "colmap_im_id": 5,
            "original_fn": "frog_sampled/images/img_0004.png",
            "transform_matrix": [
                [
                    -1.0,
                    0.0,
                    -4.286263797015736e-17,
                    -2.4492935982947064e-16
                ],
                [
                    0.0,
                    1.0,
                    -0.0,
                    1.142857142857143
                ],
                [
                    4.286263797015736e-17,
                    -0.0,
                    -1.0,
                    -3.5428571428571427
                ],
                [
                    0.0,
                    0.0,
                    0.0,
                    1.0
                ]
            ]
        },
        {
            "file_path": "../images/img_0005.png",
            "colmap_im_id": 6,
            "original_fn": "frog_sampled/images/img_0005.png",
            "transform_matrix": [
                [
                    -0.8833358739735551,
                    -4.3292065649788174e-17,
                    -0.46874058257353357,
                    -1.1269302273657191
                ],
                [
                    0.0,
                    1.0,
                    -9.235826224412037e-17,
                    1.1428571428571428
                ],
                [
                    0.46874058257353357,
                    -8.158336629808886e-17,
                    -0.8833358739735551,
                    -3.3808290373151326
                ],
                [
                    0.0,
                    0.0,
                    0.0,
                    1.0
                ]
            ]
        },
        {
            "file_path": "../images/img_0006.png",
            "colmap_im_id": 7,
            "original_fn": "frog_sampled/images/img_0006.png",
            "transform_matrix": [
                [
                    -0.9353849996456002,
                    -2.4640182445627845e-17,
                    -0.3536310258419086,
                    -1.1269302273657191
                ],
                [
                    0.0,
                    1.0,
                    -6.96776601740914e-17,
                    1.1428571428571428
                ],
                [
                    0.35363102584190864,
                    -6.517543813724873e-17,
                    -0.9353849996456001,
                    -3.3808290373151326
                ],
                [
                    0.0,
                    0.0,
                    0.0,
                    1.0
                ]
            ]
        },
        {
            "file_path": "../images/img_0007.png",
            "colmap_im_id": 8,
            "original_fn": "frog_sampled/images/img_0007.png",
            "transform_matrix": [
                [
                    -0.9594929736144975,
                    -1.5639298569593548e-17,
                    -0.2817325568414298,
                    -1.1269302273657191
                ],
                [
                    0.0,
                    1.0,
                    -5.551115123125783e-17,
                    1.1428571428571428
                ],
                [
                    0.2817325568414298,
                    -5.3262559563643633e-17,
                    -0.9594929736144975,
                    -3.3808290373151326
                ],
                [
                    0.0,
                    0.0,
                    0.0,
                    1.0
                ]
            ]
        },
        {
            "file_path": "../images/img_0008.png",
            "colmap_im_id": 9,
            "original_fn": "frog_sampled/images/img_0008.png",
            "transform_matrix": [
                [
                    -0.9723824756750048,
                    -1.0732949300775365e-17,
                    -0.23339306116538416,
                    -1.1269302273657191
                ],
                [
                    0.0,
                    1.0,
                    -4.598658266524004e-17,
                    1.1428571428571428
                ],
                [
                    0.2333930611653842,
                    -4.471654709985937e-17,
                    -0.9723824756750047,
                    -3.3808290373151326
                ],
                [
                    0.0,
                    0.0,
                    0.0,
                    1.0
                ]
            ]
        },
        {
            "file_path": "../images/img_0009.png",
            "colmap_im_id": 10,
            "original_fn": "frog_sampled/images/img_0009.png",
            "transform_matrix": [
                [
                    -0.9800173369866415,
                    -7.795887349213091e-18,
                    -0.19891208913892505,
                    -1.1269302273657191
                ],
                [
                    0.0,
                    1.0,
                    -3.919262716992658e-17,
                    1.1428571428571428
                ],
                [
                    0.19891208913892505,
                    -3.840945410858173e-17,
                    -0.9800173369866415,
                    -3.3808290373151326
                ],
                [
                    0.0,
                    0.0,
                    0.0,
                    1.0
                ]
            ]
        },
        {
            "file_path": "../images/img_0010.png",
            "colmap_im_id": 11,
            "original_fn": "frog_sampled/images/img_0010.png",
            "transform_matrix": [
                [
                    -0.9868205933751585,
                    -0.07213833862946034,
                    -0.14484880596843516,
                    -0.34824059173083055
                ],
                [
                    0.0,
                    0.8951331983783787,
                    -0.4457987855085456,
                    0.07108280671099666
                ],
                [
                    0.16181815871743216,
                    -0.43992342204146806,
                    -0.8833358739735551,
                    -3.3808290373151326
                ],
                [
                    0.0,
                    0.0,
                    0.0,
                    1.0
                ]
            ]
        },
        {
            "file_path": "../images/img_0011.png",
            "colmap_im_id": 12,
            "original_fn": "frog_sampled/images/img_0011.png",
            "transform_matrix": [
                [
                    -0.9932448246891352,
                    -0.039026115107330686,
                    -0.10927799672339593,
                    -0.34824059173083055
                ],
                [
                    0.0,
                    0.9417466634556652,
                    -0.336323091491087,
                    0.07108280671099666
                ],
                [
                    0.11603757248516172,
                    -0.3340511700469727,
                    -0.9353849996456001,
                    -3.3808290373151326
                ],
                [
                    0.0,
                    0.0,
                    0.0,
                    1.0
                ]
            ]
        },
        {
            "file_path": "../images/img_0012.png",
            "colmap_im_id": 13,
            "original_fn": "frog_sampled/images/img_0012.png",
            "transform_matrix": [
                [
                    -0.9959087724722356,
                    -0.02421254953076715,
                    -0.08706014793270764,
                    -0.34824059173083055
                ],
                [
                    0.0,
                    0.9634346037867103,
                    -0.26794358403653656,
                    0.07108280671099666
                ],
                [
                    0.09036435642909647,
                    -0.26684736586963836,
                    -0.9594929736144975,
                    -3.3808290373151326
                ],
                [
                    0.0,
                    0.0,
                    0.0,
                    1.0
                ]
            ]
        },
        {
            "file_path": "../images/img_0013.png",
            "colmap_im_id": 14,
            "original_fn": "frog_sampled/images/img_0013.png",
            "transform_matrix": [
                [
                    -0.9972606408437343,
                    -0.016418600121621146,
                    -0.07212242226929526,
                    -0.34824059173083055
                ],
                [
                    0.0,
                    0.9750534974009589,
                    -0.22196999167941198,
                    0.07108280671099666
                ],
                [
                    0.07396765660708898,
                    -0.2213619361502888,
                    -0.9723824756750047,
                    -3.3808290373151326
                ],
                [
                    0.0,
                    0.0,
                    0.0,
                    1.0
                ]
            ]
        },
        {
            "file_path": "../images/img_0014.png",
            "colmap_im_id": 15,
            "original_fn": "frog_sampled/images/img_0014.png",
            "transform_matrix": [
                [
                    -0.9980388512521997,
                    -0.011841991257236064,
                    -0.061467215930552224,
                    -0.34824059173083055
                ],
                [
                    0.0,
                    0.9819430734154815,
                    -0.18917663854545713,
                    0.07108280671099666
                ],
                [
                    0.06259753502486809,
                    -0.18880563501766065,
                    -0.9800173369866415,
                    -3.3808290373151326
                ],
                [
                    0.0,
                    0.0,
                    0.0,
                    1.0
                ]
            ]
        },
        {
            "file_path": "../images/img_0015.png",
            "colmap_im_id": 16,
            "original_fn": "frog_sampled/images/img_0015.png",
            "transform_matrix": [
                [
                    -0.9189013221241169,
                    0.10868871365279675,
                    0.3792190972552019,
                    0.9117057054136901
                ],
                [
                    0.0,
                    0.9612956829049399,
                    -0.2755188015877053,
                    0.48046417484896964
                ],
                [
                    -0.39448746519826194,
                    -0.2531745910489947,
                    -0.8833358739735551,
                    -3.3808290373151326
                ],
                [
                    0.0,
                    0.0,
                    0.0,
                    1.0
                ]
            ]
        },
        {
            "file_path": "../images/img_0016.png",
            "colmap_im_id": 17,
            "original_fn": "frog_sampled/images/img_0016.png",
            "transform_matrix": [
                [
                    -0.9562711302587569,
                    0.06079497654426458,
                    0.2860935096443502,
                    0.9117057054136901
                ],
                [
                    0.0,
                    0.9781587774091798,
                    -0.20785910174293235,
                    0.48046417484896964
                ],
                [
                    -0.2924816668333925,
                    -0.19876965815828387,
                    -0.9353849996456001,
                    -3.3808290373151326
                ],
                [
                    0.0,
                    0.0,
                    0.0,
                    1.0
                ]
            ]
        },
        {
            "file_path": "../images/img_0017.png",
            "colmap_im_id": 18,
            "original_fn": "frog_sampled/images/img_0017.png",
            "transform_matrix": [
                [
                    -0.972925870572976,
                    0.03827263434328359,
                    0.22792642635342253,
                    0.9117057054136901
                ],
                [
                    0.0,
                    0.986193298621438,
                    -0.16559824200204334,
                    0.48046417484896964
                ],
                [
                    -0.2311173952125128,
                    -0.16111481376519238,
                    -0.9594929736144975,
                    -3.3808290373151326
                ],
                [
                    0.0,
                    0.0,
                    0.0,
                    1.0
                ]
            ]
        },
        {
            "file_path": "../images/img_0018.png",
            "colmap_im_id": 19,
            "original_fn": "frog_sampled/images/img_0018.png",
            "transform_matrix": [
                [
                    -0.981663670151189,
                    0.026150368050496472,
                    0.18881895285198735,
                    0.9117057054136901
                ],
                [
                    0.0,
                    0.9905454436601949,
                    -0.13718499934040795,
                    0.48046417484896964
                ],
                [
                    -0.19062119164798402,
                    -0.13466952994219336,
                    -0.9723824756750047,
                    -3.3808290373151326
                ],
                [
                    0.0,
                    0.0,
                    0.0,
                    1.0
                ]
            ]
        },
        {
            "file_path": "../images/img_0019.png",
            "colmap_im_id": 20,
            "original_fn": "frog_sampled/images/img_0019.png",
            "transform_matrix": [
                [
                    -0.9867850844776634,
                    0.018944690086013714,
                    0.16092326050001474,
                    0.9117057054136901
                ],
                [
                    0.0,
                    0.9931416195912566,
                    -0.11691759249854597,
                    0.48046417484896964
                ],
                [
                    -0.16203455511837808,
                    -0.11537253639060271,
                    -0.9800173369866415,
                    -3.3808290373151326
                ],
                [
                    0.0,
                    0.0,
                    0.0,
                    1.0
                ]
            ]
        },
        {
            "file_path": "../images/img_0020.png",
            "colmap_im_id": 21,
            "original_fn": "frog_sampled/images/img_0020.png",
            "transform_matrix": [
                [
                    -0.9189013221241169,
                    -0.10868871365279673,
                    0.37921909725520203,
                    0.9117057054136901
                ],
                [
                    0.0,
                    0.9612956829049399,
                    0.2755188015877052,
                    1.805250110865316
                ],
                [
                    -0.39448746519826206,
                    0.25317459104899454,
                    -0.8833358739735552,
                    -3.3808290373151326
                ],
                [
                    0.0,
                    0.0,
                    0.0,
                    1.0
                ]
            ]
        },
        {
            "file_path": "../images/img_0021.png",
            "colmap_im_id": 22,
            "original_fn": "frog_sampled/images/img_0021.png",
            "transform_matrix": [
                [
                    -0.9562711302587568,
                    -0.06079497654426455,
                    0.28609350964435026,
                    0.9117057054136901
                ],
                [
                    0.0,
                    0.9781587774091798,
                    0.20785910174293226,
                    1.805250110865316
                ],
                [
                    -0.2924816668333925,
                    0.1987696581582838,
                    -0.9353849996456002,
                    -3.3808290373151326
                ],
                [
                    0.0,
                    0.0,
                    0.0,
                    1.0
                ]
            ]
        },
        {
            "file_path": "../images/img_0022.png",
            "colmap_im_id": 23,
            "original_fn": "frog_sampled/images/img_0022.png",
            "transform_matrix": [
                [
                    -0.972925870572976,
                    -0.03827263434328357,
                    0.22792642635342253,
                    0.9117057054136901
                ],
                [
                    0.0,
                    0.986193298621438,
                    0.16559824200204326,
                    1.805250110865316
                ],
                [
                    -0.2311173952125128,
                    0.1611148137651923,
                    -0.9594929736144975,
                    -3.3808290373151326
                ],
                [
                    0.0,
                    0.0,
                    0.0,
                    1.0
                ]
            ]
        },
        {
            "file_path": "../images/img_0023.png",
            "colmap_im_id": 24,
            "original_fn": "frog_sampled/images/img_0023.png",
            "transform_matrix": [
                [
                    -0.9816636701511892,
                    -0.02615036805049646,
                    0.18881895285198738,
                    0.9117057054136901
                ],
                [
                    0.0,
                    0.990545443660195,
                    0.13718499934040793,
                    1.805250110865316
                ],
                [
                    -0.19062119164798402,
                    0.1346695299421933,
                    -0.9723824756750049,
                    -3.3808290373151326
                ],
                [
                    0.0,
                    0.0,
                    0.0,
                    1.0
                ]
            ]
        },
        {
            "file_path": "../images/img_0024.png",
            "colmap_im_id": 25,
            "original_fn": "frog_sampled/images/img_0024.png",
            "transform_matrix": [
                [
                    -0.9867850844776634,
                    -0.018944690086013707,
                    0.16092326050001474,
                    0.9117057054136901
                ],
                [
                    0.0,
                    0.9931416195912566,
                    0.11691759249854591,
                    1.805250110865316
                ],
                [
                    -0.16203455511837808,
                    0.11537253639060266,
                    -0.9800173369866415,
                    -3.3808290373151326
                ],
                [
                    0.0,
                    0.0,
                    0.0,
                    1.0
                ]
            ]
        },
        {
            "file_path": "../images/img_0025.png",
            "colmap_im_id": 26,
            "original_fn": "frog_sampled/images/img_0025.png",
            "transform_matrix": [
                [
                    -0.9868205933751585,
                    0.07213833862946034,
                    -0.14484880596843516,
                    -0.34824059173083055
                ],
                [
                    0.0,
                    0.8951331983783787,
                    0.4457987855085456,
                    2.2146314790032893
                ],
                [
                    0.16181815871743216,
                    0.43992342204146806,
                    -0.8833358739735551,
                    -3.3808290373151326
                ],
                [
                    0.0,
                    0.0,
                    0.0,
                    1.0
                ]
            ]
        },
        {
            "file_path": "../images/img_0026.png",
            "colmap_im_id": 27,
            "original_fn": "frog_sampled/images/img_0026.png",
            "transform_matrix": [
                [
                    -0.9932448246891352,
                    0.039026115107330686,
                    -0.10927799672339593,
                    -0.34824059173083055
                ],
                [
                    0.0,
                    0.9417466634556652,
                    0.336323091491087,
                    2.2146314790032893
                ],
                [
                    0.11603757248516172,
                    0.3340511700469727,
                    -0.9353849996456001,
                    -3.3808290373151326
                ],
                [
                    0.0,
                    0.0,
                    0.0,
                    1.0
                ]
            ]
        },
        {
            "file_path": "../images/img_0027.png",
            "colmap_im_id": 28,
            "original_fn": "frog_sampled/images/img_0027.png",
            "transform_matrix": [
                [
                    -0.9959087724722356,
                    0.02421254953076715,
                    -0.08706014793270764,
                    -0.34824059173083055
                ],
                [
                    0.0,
                    0.9634346037867103,
                    0.26794358403653656,
                    2.2146314790032893
                ],
                [
                    0.09036435642909647,
                    0.26684736586963836,
                    -0.9594929736144975,
                    -3.3808290373151326
                ],
                [
                    0.0,
                    0.0,
                    0.0,
                    1.0
                ]
            ]
        },
        {
            "file_path": "../images/img_0028.png",
            "colmap_im_id": 29,
            "original_fn": "frog_sampled/images/img_0028.png",
            "transform_matrix": [
                [
                    -0.9972606408437343,
                    0.016418600121621146,
                    -0.07212242226929526,
                    -0.34824059173083055
                ],
                [
                    0.0,
                    0.9750534974009589,
                    0.22196999167941198,
                    2.2146314790032893
                ],
                [
                    0.07396765660708898,
                    0.2213619361502888,
                    -0.9723824756750047,
                    -3.3808290373151326
                ],
                [
                    0.0,
                    0.0,
                    0.0,
                    1.0
                ]
            ]
        },
        {
            "file_path": "../images/img_0029.png",
            "colmap_im_id": 30,
            "original_fn": "frog_sampled/images/img_0029.png",
            "transform_matrix": [
                [
                    -0.9980388512521997,
                    0.011841991257236064,
                    -0.061467215930552224,
                    -0.34824059173083055
                ],
                [
                    0.0,
                    0.9819430734154815,
                    0.18917663854545713,
                    2.2146314790032893
                ],
                [
                    0.06259753502486809,
                    0.18880563501766065,
                    -0.9800173369866415,
                    -3.3808290373151326
                ],
                [
                    0.0,
                    0.0,
                    0.0,
                    1.0
                ]
            ]
        },
        {
            "file_path": "../images/img_0030.png",
            "colmap_im_id": 31,
            "original_fn": "frog_sampled/images/img_0030.png",
            "transform_matrix": [
                [
                    -0.8833358739735551,
                    0.0,
                    -0.46874058257353357,
                    -1.1269302273657191
                ],
                [
                    0.0,
                    1.0,
                    -0.0,
                    1.142857142857143
                ],
                [
                    0.46874058257353357,
                    -0.0,
                    -0.8833358739735551,
                    -3.3808290373151326
                ],
                [
                    0.0,
                    0.0,
                    0.0,
                    1.0
                ]
            ]
        },
        {
            "file_path": "../images/img_0031.png",
            "colmap_im_id": 32,
            "original_fn": "frog_sampled/images/img_0031.png",
            "transform_matrix": [
                [
                    -0.9353849996456002,
                    0.0,
                    -0.3536310258419086,
                    -1.1269302273657191
                ],
                [
                    0.0,
                    1.0,
                    -0.0,
                    1.142857142857143
                ],
                [
                    0.35363102584190864,
                    -0.0,
                    -0.9353849996456001,
                    -3.3808290373151326
                ],
                [
                    0.0,
                    0.0,
                    0.0,
                    1.0
                ]
            ]
        },
        {
            "file_path": "../images/img_0032.png",
            "colmap_im_id": 33,
            "original_fn": "frog_sampled/images/img_0032.png",
            "transform_matrix": [
                [
                    -0.9594929736144975,
                    0.0,
                    -0.2817325568414298,
                    -1.1269302273657191
                ],
                [
                    0.0,
                    1.0,
                    -0.0,
                    1.142857142857143
                ],
                [
                    0.2817325568414298,
                    -0.0,
                    -0.9594929736144975,
                    -3.3808290373151326
                ],
                [
                    0.0,
                    0.0,
                    0.0,
                    1.0
                ]
            ]
        },
        {
            "file_path": "../images/img_0033.png",
            "colmap_im_id": 34,
            "original_fn": "frog_sampled/images/img_0033.png",
            "transform_matrix": [
                [
                    -0.9723824756750048,
                    0.0,
                    -0.23339306116538416,
                    -1.1269302273657191
                ],
                [
                    0.0,
                    1.0,
                    -0.0,
                    1.142857142857143
                ],
                [
                    0.2333930611653842,
                    -0.0,
                    -0.9723824756750047,
                    -3.3808290373151326
                ],
                [
                    0.0,
                    0.0,
                    0.0,
                    1.0
                ]
            ]
        },
        {
            "file_path": "../images/img_0034.png",
            "colmap_im_id": 35,
            "original_fn": "frog_sampled/images/img_0034.png",
            "transform_matrix": [
                [
                    -0.9800173369866415,
                    0.0,
                    -0.19891208913892505,
                    -1.1269302273657191
                ],
                [
                    0.0,
                    1.0,
                    -0.0,
                    1.142857142857143
                ],
                [
                    0.19891208913892505,
                    -0.0,
                    -0.9800173369866415,
                    -3.3808290373151326
                ],
                [
                    0.0,
                    0.0,
                    0.0,
                    1.0
                ]
            ]
        },
        {
            "file_path": "../images/img_0035.png",
            "colmap_im_id": 36,
            "original_fn": "frog_sampled/images/img_0035.png",
            "transform_matrix": [
                [
                    -0.606754890645596,
                    -1.2975208920574536e-16,
                    -0.7948889876439672,
                    -2.1625632698223907
                ],
                [
                    0.0,
                    1.0,
                    -1.632329686568279e-16,
                    1.1428571428571426
                ],
                [
                    0.7948889876439672,
                    -9.904240204712961e-17,
                    -0.606754890645596,
                    -2.907871274181867
                ],
                [
                    0.0,
                    0.0,
                    0.0,
                    1.0
                ]
            ]
        },
        {
            "file_path": "../images/img_0036.png",
            "colmap_im_id": 37,
            "original_fn": "frog_sampled/images/img_0036.png",
            "transform_matrix": [
                [
                    -0.7573195622187471,
                    -8.757636436789947e-17,
                    -0.6530444706762359,
                    -2.1625632698223907
                ],
                [
                    0.0,
                    1.0,
                    -1.3410474829870772e-16,
                    1.1428571428571426
                ],
                [
                    0.653044470676236,
                    -1.0156014927303262e-16,
                    -0.757319562218747,
                    -2.907871274181867
                ],
                [
                    0.0,
                    0.0,
                    0.0,
                    1.0
                ]
            ]
        },
        {
            "file_path": "../images/img_0037.png",
            "colmap_im_id": 38,
            "original_fn": "frog_sampled/images/img_0037.png",
            "transform_matrix": [
                [
                    -0.8412535328311812,
                    -6.002318835913709e-17,
                    -0.5406408174555977,
                    -2.1625632698223907
                ],
                [
                    0.0,
                    1.0,
                    -1.1102230246251565e-16,
                    1.1428571428571426
                ],
                [
                    0.5406408174555978,
                    -9.339790416964324e-17,
                    -0.8412535328311811,
                    -2.907871274181867
                ],
                [
                    0.0,
                    0.0,
                    0.0,
                    1.0
                ]
            ]
        },
        {
            "file_path": "../images/img_0038.png",
            "colmap_im_id": 39,
            "original_fn": "frog_sampled/images/img_0038.png",
            "transform_matrix": [
                [
                    -0.890043787715905,
                    -4.2676916741995264e-17,
                    -0.4558750442262936,
                    -2.1625632698223907
                ],
                [
                    0.0,
                    1.0,
                    -9.361538272933121e-17,
                    1.1428571428571426
                ],
                [
                    0.4558750442262936,
                    -8.332178983288806e-17,
                    -0.890043787715905,
                    -2.907871274181867
                ],
                [
                    0.0,
                    0.0,
                    0.0,
                    1.0
                ]
            ]
        },
        {
            "file_path": "../images/img_0039.png",
            "colmap_im_id": 40,
            "original_fn": "frog_sampled/images/img_0039.png",
            "transform_matrix": [
                [
                    -0.9200789720128107,
                    -3.151240515170386e-17,
                    -0.3917329259327707,
                    -2.1625632698223907
                ],
                [
                    0.0,
                    1.0,
                    -8.044359579085275e-17,
                    1.1428571428571426
                ],
                [
                    0.3917329259327707,
                    -7.401446092026186e-17,
                    -0.9200789720128107,
                    -2.907871274181867
                ],
                [
                    0.0,
                    0.0,
                    0.0,
                    1.0
                ]
            ]
        },
        {
            "file_path": "../images/img_0040.png",
            "colmap_im_id": 41,
            "original_fn": "frog_sampled/images/img_0040.png",
            "transform_matrix": [
                [
                    -0.6862664286443338,
                    -0.3398355116494547,
                    -0.643078699645467,
                    -1.7495504366973689
                ],
                [
                    0.0,
                    0.8841389660342167,
                    -0.46722402414681785,
                    -0.12826565429384684
                ],
                [
                    0.7273502518840228,
                    -0.3206401624280707,
                    -0.606754890645596,
                    -2.907871274181867
                ],
                [
                    0.0,
                    0.0,
                    0.0,
                    1.0
                ]
            ]
        },
        {
            "file_path": "../images/img_0041.png",
            "colmap_im_id": 42,
            "original_fn": "frog_sampled/images/img_0041.png",
            "transform_matrix": [
                [
                    -0.8201464736593539,
                    -0.21962111389345892,
                    -0.5283240748596669,
                    -1.7495504366973689
                ],
                [
                    0.0,
                    0.9233954989036484,
                    -0.383849908954636,
                    -0.12826565429384684
                ],
                [
                    0.5721536172603705,
                    -0.3148131492436088,
                    -0.757319562218747,
                    -2.907871274181867
                ],
                [
                    0.0,
                    0.0,
                    0.0,
                    1.0
                ]
            ]
        },
        {
            "file_path": "../images/img_0042.png",
            "colmap_im_id": 43,
            "original_fn": "frog_sampled/images/img_0042.png",
            "transform_matrix": [
                [
                    -0.8872445266394684,
                    -0.14659205056570632,
                    -0.4373876091743422,
                    -1.7495504366973689
                ],
                [
                    0.0,
                    0.948164240604016,
                    -0.31778069928774744,
                    -0.12826565429384684
                ],
                [
                    0.4612994146411913,
                    -0.28194918611471675,
                    -0.8412535328311811,
                    -2.907871274181867
                ],
                [
                    0.0,
                    0.0,
                    0.0,
                    1.0
                ]
            ]
        },
        {
            "file_path": "../images/img_0043.png",
            "colmap_im_id": 44,
            "original_fn": "frog_sampled/images/img_0043.png",
